TIME(y) R_IN(t) R_OUT(t) STOCK(t)  
0 0 0 0
0 82 0 0
0.0833333 82 0 0
0.166667 82 0 0
0.25 82 0 0
0.333333 82 0 0
0.416667 82 0 0
0.5 82 0 0
0.583333 82 0 0
0.666667 82 0 0
0.75 82 0 0
0.833333 82 0 0
0.916667 82 0 0
1 82 0 0
1.08333 82 0 0
1.16667 82 0 0
1.25 82 0 0
1.33333 82 0 0
1.41667 82 0 0
1.5 82 0 0
1.58333 82 0 0
1.66667 82 0 0
1.75 82 0 0
1.83333 82 0 0
1.91667 82 0 0
2 82 0 0
2.08333 82 0 0
2.16667 82 0 0
2.25 82 0 0
2.33333 82 0 0
2.41667 82 0 0
2.5 82 0 0
2.58333 82 0 0
2.66667 82 0 0
2.75 82 0 0
2.83333 82 0 0
2.91667 82 0 0
3 82 0 0
3.08333 164 78.3781 78.3781
3.16667 164 78.3781 78.3781
3.25 164 78.3781 78.3781
3.33333 164 78.3781 78.3781
3.41667 164 78.3781 78.3781
3.5 164 78.3781 78.3781
3.58333 164 78.3781 78.3781
3.66667 164 78.3781 78.3781
3.75 164 78.3781 78.3781
3.83333 164 78.3781 78.3781
3.91667 164 78.3781 78.3781
4 164 78.3781 78.3781
4.08333 164 78.3781 78.3781
4.16667 164 78.3781 78.3781
4.25 164 78.3781 78.3781
4.33333 164 78.3781 78.3781
4.41667 164 78.3781 78.3781
4.5 164 78.3781 78.3781
4.58333 164 78.3781 78.3781
4.66667 164 78.3781 78.3781
4.75 164 78.3781 78.378
4.83333 164 78.3781 78.378
4.91667 164 78.3781 78.378
5 164 78.3781 78.378
5.08333 164 78.3781 78.378
5.16667 164 78.3781 78.378
5.25 164 78.3781 78.378
5.33333 164 78.3781 78.378
5.41667 164 78.3781 78.378
5.5 164 78.3781 78.378
5.58333 164 78.3781 78.378
5.66667 164 78.3781 78.378
5.75 164 78.3781 78.378
5.83333 164 78.3781 78.378
5.91667 164 78.3781 78.378
6 164 78.3781 78.378
6.08333 246 156.756 156.756
6.16667 246 156.756 156.756
6.25 246 156.756 156.756
6.33333 246 156.756 156.756
6.41667 246 156.756 156.756
6.5 246 156.756 156.756
6.58333 246 156.756 156.756
6.66667 246 156.756 156.756
6.75 246 156.756 156.756
6.83333 246 156.756 156.756
6.91667 246 156.756 156.756
7 246 156.756 156.756
7.08333 246 156.756 156.756
7.16667 246 156.756 156.756
7.25 246 156.756 156.756
7.33333 246 156.756 156.756
7.41667 246 156.756 156.756
7.5 246 156.756 156.756
7.58333 246 156.756 156.756
7.66667 246 156.756 156.756
7.75 246 156.756 156.756
7.83333 246 156.756 156.756
7.91667 246 156.756 156.756
8 246 156.756 156.756
8.08333 246 156.756 156.756
8.16667 246 156.756 156.756
8.25 246 156.756 156.756
8.33333 246 156.756 156.756
8.41667 246 156.756 156.756
8.5 246 156.756 156.756
8.58333 246 156.756 156.756
8.66667 246 156.756 156.756
8.75 246 156.756 156.756
8.83333 246 156.756 156.756
8.91667 246 156.756 156.756
9 246 156.756 156.756
9.08333 328 235.135 235.135
9.16667 328 235.135 235.135
9.25 328 235.135 235.135
9.33333 328 235.135 235.135
9.41667 328 235.135 235.135
9.5 328 235.135 235.135
9.58333 328 235.135 235.135
9.66667 328 235.135 235.135
9.75 328 235.135 235.135
9.83333 328 235.135 235.135
9.91667 328 235.135 235.135
10 328 235.135 235.135
10.0833 328 235.135 235.135
10.1667 328 235.135 235.135
10.25 328 235.135 235.135
10.3333 328 235.135 235.135
10.4167 328 235.135 235.135
10.5 328 235.135 235.135
10.5833 328 235.135 235.135
10.6667 328 235.135 235.135
10.75 328 235.135 235.135
10.8333 328 235.135 235.135
10.9167 328 235.135 235.135
11 328 235.135 235.134
11.0833 328 235.135 235.134
11.1667 328 235.135 235.134
11.25 328 235.135 235.134
11.3333 328 235.135 235.134
11.4167 328 235.135 235.134
11.5 328 235.135 235.134
11.5833 328 235.135 235.134
11.6667 328 235.135 235.134
11.75 328 235.135 235.134
11.8333 328 235.135 235.134
11.9167 328 235.135 235.134
12 328 235.135 235.134
12.0833 410 313.513 313.513
12.1667 410 313.513 313.513
12.25 410 313.513 313.513
12.3333 410 313.513 313.513
12.4167 410 313.513 313.513
12.5 410 313.513 313.513
12.5833 410 313.513 313.513
12.6667 410 313.513 313.513
12.75 410 313.513 313.513
12.8333 410 313.513 313.513
12.9167 410 313.513 313.513
13 410 313.513 313.513
13.0833 410 313.513 313.513
13.1667 410 313.513 313.513
13.25 410 313.513 313.513
13.3333 410 313.513 313.513
13.4167 410 313.513 313.513
13.5 410 313.513 313.513
13.5833 410 313.513 313.513
13.6667 410 313.513 313.513
13.75 410 313.513 313.513
13.8333 410 313.513 313.513
13.9167 410 313.513 313.513
14 410 313.513 313.513
14.0833 410 313.513 313.513
14.1667 410 313.513 313.513
14.25 410 313.513 313.513
14.3333 410 313.513 313.513
14.4167 410 313.513 313.513
14.5 410 313.513 313.513
14.5833 410 313.513 313.513
14.6667 410 313.513 313.513
14.75 410 313.513 313.513
14.8333 410 313.513 313.513
14.9167 410 313.513 313.513
15 410 313.513 313.513
15.0833 492 391.892 391.892
15.1667 492 391.892 391.892
15.25 492 391.892 391.892
15.3333 492 391.892 391.892
15.4167 492 391.892 391.892
15.5 492 391.892 391.892
15.5833 492 391.892 391.892
15.6667 492 391.892 391.892
15.75 492 391.892 391.891
15.8333 492 391.892 391.891
15.9167 492 391.892 391.891
16 492 391.892 391.891
16.0833 492 391.892 391.891
16.1667 492 391.892 391.891
16.25 492 391.892 391.891
16.3333 492 391.892 391.891
16.4167 492 391.892 391.891
16.5 492 391.892 391.891
16.5833 492 391.892 391.891
16.6667 492 391.892 391.891
16.75 492 391.892 391.891
16.8333 492 391.892 391.891
16.9167 492 391.892 391.891
17 492 391.892 391.891
17.0833 492 391.892 391.891
17.1667 492 391.892 391.891
17.25 492 391.892 391.891
17.3333 492 391.892 391.891
17.4167 492 391.892 391.891
17.5 492 391.892 391.891
17.5833 492 391.892 391.891
17.6667 492 391.892 391.891
17.75 492 391.892 391.891
17.8333 492 391.892 391.891
17.9167 492 391.892 391.891
18 492 391.892 391.891
18.0833 574 470.271 470.27
18.1667 574 470.271 470.27
18.25 574 470.271 470.27
18.3333 574 470.271 470.27
18.4167 574 470.271 470.27
18.5 574 470.271 470.27
18.5833 574 470.271 470.27
18.6667 574 470.271 470.27
18.75 574 470.271 470.27
18.8333 574 470.271 470.27
18.9167 574 470.271 470.27
19 574 470.271 470.27
19.0833 574 470.271 470.27
19.1667 574 470.271 470.27
19.25 574 470.271 470.27
19.3333 574 470.271 470.27
19.4167 574 470.271 470.27
19.5 574 470.271 470.27
19.5833 574 470.271 470.27
19.6667 574 470.271 470.27
19.75 574 470.271 470.27
19.8333 574 470.271 470.27
19.9167 574 470.271 470.27
20 574 470.271 470.27
20.0833 574 470.271 470.27
20.1667 574 470.271 470.27
20.25 574 470.271 470.27
20.3333 574 470.271 470.27
20.4167 574 470.271 470.27
20.5 574 470.271 470.27
20.5833 574 470.271 470.27
20.6667 574 470.271 470.27
20.75 574 470.271 470.27
20.8333 574 470.271 470.27
20.9167 574 470.271 470.27
21 574 470.271 470.27
21.0833 656 548.65 548.649
21.1667 656 548.65 548.649
21.25 656 548.65 548.649
21.3333 656 548.65 548.649
21.4167 656 548.65 548.649
21.5 656 548.65 548.649
21.5833 656 548.65 548.649
21.6667 656 548.65 548.649
21.75 656 548.65 548.649
21.8333 656 548.65 548.649
21.9167 656 548.65 548.649
22 656 548.65 548.649
22.0833 656 548.65 548.649
22.1667 656 548.65 548.649
22.25 656 548.65 548.649
22.3333 656 548.65 548.649
22.4167 656 548.65 548.649
22.5 656 548.65 548.649
22.5833 656 548.65 548.649
22.6667 656 548.65 548.649
22.75 656 548.65 548.649
22.8333 656 548.65 548.649
22.9167 656 548.65 548.649
23 656 548.65 548.649
23.0833 656 548.65 548.649
23.1667 656 548.65 548.649
23.25 656 548.65 548.649
23.3333 656 548.65 548.649
23.4167 656 548.65 548.649
23.5 656 548.65 548.649
23.5833 656 548.65 548.649
23.6667 656 548.65 548.649
23.75 656 548.65 548.649
23.8333 656 548.65 548.649
23.9167 656 548.65 548.649
24 656 548.65 548.649
24.0833 738 627.029 627.028
24.1667 738 627.029 627.028
24.25 738 627.029 627.028
24.3333 738 627.029 627.028
24.4167 738 627.029 627.028
24.5 738 627.029 627.028
24.5833 738 627.029 627.028
24.6667 738 627.029 627.028
24.75 738 627.029 627.028
24.8333 738 627.029 627.028
24.9167 738 627.029 627.028
25 738 627.029 627.028
25.0833 738 627.029 627.028
25.1667 738 627.029 627.028
25.25 738 627.029 627.028
25.3333 738 627.029 627.028
25.4167 738 627.029 627.028
25.5 738 627.029 627.028
25.5833 738 627.029 627.028
25.6667 738 627.029 627.028
25.75 738 627.029 627.028
25.8333 738 627.029 627.028
25.9167 738 627.029 627.028
26 738 627.029 627.028
26.0833 738 627.029 627.028
26.1667 738 627.029 627.028
26.25 738 627.029 627.028
26.3333 738 627.029 627.028
26.4167 738 627.029 627.028
26.5 738 627.029 627.028
26.5833 738 627.029 627.028
26.6667 738 627.029 627.028
26.75 738 627.029 627.028
26.8333 738 627.029 627.028
26.9167 738 627.029 627.028
27 738 627.029 627.028
27.0833 820 705.408 705.407
27.1667 820 705.408 705.407
27.25 820 705.408 705.407
27.3333 820 705.408 705.407
27.4167 820 705.408 705.407
27.5 820 705.408 705.407
27.5833 820 705.408 705.407
27.6667 820 705.408 705.407
27.75 820 705.408 705.407
27.8333 820 705.408 705.407
27.9167 820 705.408 705.407
28 820 705.408 705.407
28.0833 820 705.408 705.407
28.1667 820 705.408 705.407
28.25 820 705.408 705.407
28.3333 820 705.408 705.407
28.4167 820 705.408 705.407
28.5 820 705.408 705.407
28.5833 820 705.408 705.407
28.6667 820 705.408 705.407
28.75 820 705.408 705.407
28.8333 820 705.408 705.407
28.9167 820 705.408 705.407
29 820 705.408 705.407
29.0833 820 705.408 705.407
29.1667 820 705.408 705.407
29.25 820 705.408 705.407
29.3333 820 705.408 705.407
29.4167 820 705.408 705.407
29.5 820 705.408 705.407
29.5833 820 705.408 705.407
29.6667 820 705.408 705.407
29.75 820 705.408 705.407
29.8333 820 705.408 705.407
29.9167 820 705.408 705.407
30 820 705.408 705.407
30.0833 902 783.788 783.786
30.1667 902 783.788 783.786
30.25 902 783.788 783.786
30.3333 902 783.788 783.786
30.4167 902 783.788 783.786
30.5 902 783.788 783.786
30.5833 902 783.788 783.786
30.6667 902 783.788 783.786
30.75 902 783.788 783.786
30.8333 902 783.788 783.786
30.9167 902 783.788 783.786
31 902 783.788 783.786
31.0833 902 783.788 783.786
31.1667 902 783.788 783.786
31.25 902 783.788 783.786
31.3333 902 783.788 783.786
31.4167 902 783.788 783.786
31.5 902 783.788 783.786
31.5833 902 783.788 783.786
31.6667 902 783.788 783.786
31.75 902 783.788 783.786
31.8333 902 783.788 783.786
31.9167 902 783.788 783.786
32 902 783.788 783.786
32.0833 902 783.788 783.786
32.1667 902 783.788 783.786
32.25 902 783.788 783.786
32.3333 902 783.788 783.786
32.4167 902 783.788 783.786
32.5 902 783.788 783.786
32.5833 902 783.788 783.786
32.6667 902 783.788 783.786
32.75 902 783.788 783.786
32.8333 902 783.788 783.786
32.9167 902 783.788 783.786
33 902 783.788 783.786
33.0833 984 862.167 862.165
33.1667 984 862.167 862.165
33.25 984 862.167 862.165
33.3333 984 862.167 862.165
33.4167 984 862.167 862.165
33.5 984 862.167 862.165
33.5833 984 862.167 862.165
33.6667 984 862.167 862.165
33.75 984 862.167 862.165
33.8333 984 862.167 862.165
33.9167 984 862.167 862.165
34 984 862.167 862.165
34.0833 984 862.167 862.165
34.1667 984 862.167 862.165
34.25 984 862.167 862.165
34.3333 984 862.167 862.165
34.4167 984 862.167 862.165
34.5 984 862.167 862.165
34.5833 984 862.167 862.165
34.6667 984 862.167 862.165
34.75 984 862.167 862.165
34.8333 984 862.167 862.165
34.9167 984 862.167 862.165
35 984 862.167 862.165
35.0833 984 862.167 862.165
35.1667 984 862.167 862.165
35.25 984 862.167 862.165
35.3333 984 862.167 862.165
35.4167 984 862.167 862.165
35.5 984 862.167 862.165
35.5833 984 862.167 862.165
35.6667 984 862.167 862.165
35.75 984 862.167 862.165
35.8333 984 862.167 862.165
35.9167 984 862.167 862.165
36 984 862.167 862.165
36.0833 1066 940.547 940.545
36.1667 1066 940.547 940.545
36.25 1066 940.547 940.545
36.3333 1066 940.547 940.545
36.4167 1066 940.547 940.545
36.5 1066 940.547 940.545
36.5833 1066 940.547 940.545
36.6667 1066 940.547 940.545
36.75 1066 940.547 940.545
36.8333 1066 940.547 940.545
36.9167 1066 940.547 940.545
37 1066 940.547 940.545
37.0833 1066 940.547 940.545
37.1667 1066 940.547 940.545
37.25 1066 940.547 940.545
37.3333 1066 940.547 940.545
37.4167 1066 940.547 940.545
37.5 1066 940.547 940.545
37.5833 1066 940.547 940.545
37.6667 1066 940.547 940.545
37.75 1066 940.547 940.545
37.8333 1066 940.547 940.545
37.9167 1066 940.547 940.545
38 1066 940.547 940.545
38.0833 1066 940.547 940.545
38.1667 1066 940.547 940.545
38.25 1066 940.547 940.545
38.3333 1066 940.547 940.545
38.4167 1066 940.547 940.545
38.5 1066 940.547 940.544
38.5833 1066 940.547 940.544
38.6667 1066 940.547 940.544
38.75 1066 940.547 940.544
38.8333 1066 940.547 940.544
38.9167 1066 940.547 940.544
39 1066 940.547 940.544
39.0833 1148 1018.93 1018.92
39.1667 1148 1018.93 1018.92
39.25 1148 1018.93 1018.92
39.3333 1148 1018.93 1018.92
39.4167 1148 1018.93 1018.92
39.5 1148 1018.93 1018.92
39.5833 1148 1018.93 1018.92
39.6667 1148 1018.93 1018.92
39.75 1148 1018.93 1018.92
39.8333 1148 1018.93 1018.92
39.9167 1148 1018.93 1018.92
40 1148 1018.93 1018.92
40.0833 1148 1018.93 1018.92
40.1667 1148 1018.93 1018.92
40.25 1148 1018.93 1018.92
40.3333 1148 1018.93 1018.92
40.4167 1148 1018.93 1018.92
40.5 1148 1018.93 1018.92
40.5833 1148 1018.93 1018.92
40.6667 1148 1018.93 1018.92
40.75 1148 1018.93 1018.92
40.8333 1148 1018.93 1018.92
40.9167 1148 1018.93 1018.92
41 1148 1018.93 1018.92
41.0833 1148 1018.93 1018.92
41.1667 1148 1018.93 1018.92
41.25 1148 1018.93 1018.92
41.3333 1148 1018.93 1018.92
41.4167 1148 1018.93 1018.92
41.5 1148 1018.93 1018.92
41.5833 1148 1018.93 1018.92
41.6667 1148 1018.93 1018.92
41.75 1148 1018.93 1018.92
41.8333 1148 1018.93 1018.92
41.9167 1148 1018.93 1018.92
42 1148 1018.93 1018.92
42.0833 1230 1097.31 1097.3
42.1667 1230 1097.31 1097.3
42.25 1230 1097.31 1097.3
42.3333 1230 1097.31 1097.3
42.4167 1230 1097.31 1097.3
42.5 1230 1097.31 1097.3
42.5833 1230 1097.31 1097.3
42.6667 1230 1097.31 1097.3
42.75 1230 1097.31 1097.3
42.8333 1230 1097.31 1097.3
42.9167 1230 1097.31 1097.3
43 1230 1097.31 1097.3
43.0833 1230 1097.31 1097.3
43.1667 1230 1097.31 1097.3
43.25 1230 1097.31 1097.3
43.3333 1230 1097.31 1097.3
43.4167 1230 1097.31 1097.3
43.5 1230 1097.31 1097.3
43.5833 1230 1097.31 1097.3
43.6667 1230 1097.31 1097.3
43.75 1230 1097.31 1097.3
43.8333 1230 1097.31 1097.3
43.9167 1230 1097.31 1097.3
44 1230 1097.31 1097.3
44.0833 1230 1097.31 1097.3
44.1667 1230 1097.31 1097.3
44.25 1230 1097.31 1097.3
44.3333 1230 1097.31 1097.3
44.4167 1230 1097.31 1097.3
44.5 1230 1097.31 1097.3
44.5833 1230 1097.31 1097.3
44.6667 1230 1097.31 1097.3
44.75 1230 1097.31 1097.3
44.8333 1230 1097.31 1097.3
44.9167 1230 1097.31 1097.3
45 1230 1097.31 1097.3
45.0833 1312 1175.69 1175.68
45.1667 1312 1175.69 1175.68
45.25 1312 1175.69 1175.68
45.3333 1312 1175.69 1175.68
45.4167 1312 1175.69 1175.68
45.5 1312 1175.69 1175.68
45.5833 1312 1175.69 1175.68
45.6667 1312 1175.69 1175.68
45.75 1312 1175.69 1175.68
45.8333 1312 1175.69 1175.68
45.9167 1312 1175.69 1175.68
46 1312 1175.69 1175.68
46.0833 1312 1175.69 1175.68
46.1667 1312 1175.69 1175.68
46.25 1312 1175.69 1175.68
46.3333 1312 1175.69 1175.68
46.4167 1312 1175.69 1175.68
46.5 1312 1175.69 1175.68
46.5833 1312 1175.69 1175.68
46.6667 1312 1175.69 1175.68
46.75 1312 1175.69 1175.68
46.8333 1312 1175.69 1175.68
46.9167 1312 1175.69 1175.68
47 1312 1175.69 1175.68
47.0833 1312 1175.69 1175.68
47.1667 1312 1175.69 1175.68
47.25 1312 1175.69 1175.68
47.3333 1312 1175.69 1175.68
47.4167 1312 1175.69 1175.68
47.5 1312 1175.69 1175.68
47.5833 1312 1175.69 1175.68
47.6667 1312 1175.69 1175.68
47.75 1312 1175.69 1175.68
47.8333 1312 1175.69 1175.68
47.9167 1312 1175.69 1175.68
48 1312 1175.69 1175.68
48.0833 1394 1254.07 1254.06
48.1667 1394 1254.07 1254.06
48.25 1394 1254.07 1254.06
48.3333 1394 1254.07 1254.06
48.4167 1394 1254.07 1254.06
48.5 1394 1254.07 1254.06
48.5833 1394 1254.07 1254.06
48.6667 1394 1254.07 1254.06
48.75 1394 1254.07 1254.06
48.8333 1394 1254.07 1254.06
48.9167 1394 1254.07 1254.06
49 1394 1254.07 1254.06
49.0833 1394 1254.07 1254.06
49.1667 1394 1254.07 1254.06
49.25 1394 1254.07 1254.06
49.3333 1394 1254.07 1254.06
49.4167 1394 1254.07 1254.06
49.5 1394 1254.07 1254.06
49.5833 1394 1254.07 1254.06
49.6667 1394 1254.07 1254.06
49.75 1394 1254.07 1254.06
49.8333 1394 1254.07 1254.06
49.9167 1394 1254.07 1254.06
50 1394 1254.07 1254.06
50.0833 1394 1254.07 1254.06
50.1667 1394 1254.07 1254.06
50.25 1394 1254.07 1254.06
50.3333 1394 1254.07 1254.06
50.4167 1394 1254.07 1254.06
50.5 1394 1254.07 1254.06
50.5833 1394 1254.07 1254.06
50.6667 1394 1254.07 1254.06
50.75 1394 1254.07 1254.06
50.8333 1394 1254.07 1254.06
50.9167 1394 1254.07 1254.06
51 1394 1254.07 1254.06
51.0833 1476 1332.45 1332.44
51.1667 1476 1332.45 1332.44
51.25 1476 1332.45 1332.44
51.3333 1476 1332.45 1332.44
51.4167 1476 1332.45 1332.44
51.5 1476 1332.45 1332.44
51.5833 1476 1332.45 1332.44
51.6667 1476 1332.45 1332.44
51.75 1476 1332.45 1332.44
51.8333 1476 1332.45 1332.44
51.9167 1476 1332.45 1332.44
52 1476 1332.45 1332.44
52.0833 1476 1332.45 1332.44
52.1667 1476 1332.45 1332.44
52.25 1476 1332.45 1332.44
52.3333 1476 1332.45 1332.44
52.4167 1476 1332.45 1332.44
52.5 1476 1332.45 1332.44
52.5833 1476 1332.45 1332.44
52.6667 1476 1332.45 1332.44
52.75 1476 1332.45 1332.44
52.8333 1476 1332.45 1332.44
52.9167 1476 1332.45 1332.44
53 1476 1332.45 1332.44
53.0833 1476 1332.45 1332.44
53.1667 1476 1332.45 1332.44
53.25 1476 1332.45 1332.44
53.3333 1476 1332.45 1332.44
53.4167 1476 1332.45 1332.44
53.5 1476 1332.45 1332.44
53.5833 1476 1332.45 1332.44
53.6667 1476 1332.45 1332.44
53.75 1476 1332.45 1332.44
53.8333 1476 1332.45 1332.44
53.9167 1476 1332.45 1332.44
54 1476 1332.45 1332.44
54.0833 1558 1410.83 1410.82
54.1667 1558 1410.83 1410.82
54.25 1558 1410.83 1410.82
54.3333 1558 1410.83 1410.82
54.4167 1558 1410.83 1410.82
54.5 1558 1410.83 1410.82
54.5833 1558 1410.83 1410.82
54.6667 1558 1410.83 1410.82
54.75 1558 1410.83 1410.82
54.8333 1558 1410.83 1410.82
54.9167 1558 1410.83 1410.82
55 1558 1410.83 1410.82
55.0833 1558 1410.83 1410.82
55.1667 1558 1410.83 1410.82
55.25 1558 1410.83 1410.82
55.3333 1558 1410.83 1410.82
55.4167 1558 1410.83 1410.82
55.5 1558 1410.83 1410.82
55.5833 1558 1410.83 1410.82
55.6667 1558 1410.83 1410.82
55.75 1558 1410.83 1410.82
55.8333 1558 1410.83 1410.82
55.9167 1558 1410.83 1410.82
56 1558 1410.83 1410.82
56.0833 1558 1410.83 1410.82
56.1667 1558 1410.83 1410.82
56.25 1558 1410.83 1410.82
56.3333 1558 1410.83 1410.82
56.4167 1558 1410.83 1410.82
56.5 1558 1410.83 1410.82
56.5833 1558 1410.83 1410.82
56.6667 1558 1410.83 1410.82
56.75 1558 1410.83 1410.82
56.8333 1558 1410.83 1410.82
56.9167 1558 1410.83 1410.82
57 1558 1410.83 1410.82
57.0833 1640 1489.21 1489.2
57.1667 1640 1489.21 1489.2
57.25 1640 1489.21 1489.2
57.3333 1640 1489.21 1489.2
57.4167 1640 1489.21 1489.2
57.5 1640 1489.21 1489.2
57.5833 1640 1489.21 1489.2
57.6667 1640 1489.21 1489.2
57.75 1640 1489.21 1489.2
57.8333 1640 1489.21 1489.2
57.9167 1640 1489.21 1489.2
58 1640 1489.21 1489.2
58.0833 1640 1489.21 1489.2
58.1667 1640 1489.21 1489.2
58.25 1640 1489.21 1489.2
58.3333 1640 1489.21 1489.2
58.4167 1640 1489.21 1489.2
58.5 1640 1489.21 1489.2
58.5833 1640 1489.21 1489.2
58.6667 1640 1489.21 1489.2
58.75 1640 1489.21 1489.2
58.8333 1640 1489.21 1489.2
58.9167 1640 1489.21 1489.2
59 1640 1489.21 1489.2
59.0833 1640 1489.21 1489.2
59.1667 1640 1489.21 1489.2
59.25 1640 1489.21 1489.2
59.3333 1640 1489.21 1489.2
59.4167 1640 1489.21 1489.2
59.5 1640 1489.21 1489.2
59.5833 1640 1489.21 1489.2
59.6667 1640 1489.21 1489.2
59.75 1640 1489.21 1489.2
59.8333 1640 1489.21 1489.2
59.9167 1640 1489.21 1489.2
60 1640 1489.21 1489.2
60.0833 1722 1567.59 1567.58
60.1667 1722 1567.59 1567.58
60.25 1722 1567.59 1567.58
60.3333 1722 1567.59 1567.58
60.4167 1722 1567.59 1567.58
60.5 1722 1567.59 1567.58
60.5833 1722 1567.59 1567.58
60.6667 1722 1567.59 1567.58
60.75 1722 1567.59 1567.58
60.8333 1722 1567.59 1567.58
60.9167 1722 1567.59 1567.58
61 1722 1567.59 1567.58
61.0833 1722 1567.59 1567.58
61.1667 1722 1567.59 1567.58
61.25 1722 1567.59 1567.58
61.3333 1722 1567.59 1567.58
61.4167 1722 1567.59 1567.58
61.5 1722 1567.59 1567.58
61.5833 1722 1567.59 1567.58
61.6667 1722 1567.59 1567.58
61.75 1722 1567.59 1567.58
61.8333 1722 1567.59 1567.58
61.9167 1722 1567.59 1567.58
62 1722 1567.59 1567.58
62.0833 1722 1567.59 1567.58
62.1667 1722 1567.59 1567.58
62.25 1722 1567.59 1567.58
62.3333 1722 1567.59 1567.58
62.4167 1722 1567.59 1567.58
62.5 1722 1567.59 1567.58
62.5833 1722 1567.59 1567.58
62.6667 1722 1567.59 1567.58
62.75 1722 1567.59 1567.58
62.8333 1722 1567.59 1567.58
62.9167 1722 1567.59 1567.58
63 1722 1567.59 1567.58
63.0833 1804 1645.97 1645.96
63.1667 1804 1645.97 1645.96
63.25 1804 1645.97 1645.96
63.3333 1804 1645.97 1645.96
63.4167 1804 1645.97 1645.96
63.5 1804 1645.97 1645.96
63.5833 1804 1645.97 1645.96
63.6667 1804 1645.97 1645.96
63.75 1804 1645.97 1645.96
63.8333 1804 1645.97 1645.96
63.9167 1804 1645.97 1645.96
64 1804 1645.97 1645.96
64.0833 1804 1645.97 1645.96
64.1667 1804 1645.97 1645.96
64.25 1804 1645.97 1645.96
64.3333 1804 1645.97 1645.96
64.4167 1804 1645.97 1645.96
64.5 1804 1645.97 1645.96
64.5833 1804 1645.97 1645.96
64.6667 1804 1645.97 1645.96
64.75 1804 1645.97 1645.96
64.8333 1804 1645.97 1645.96
64.9167 1804 1645.97 1645.96
65 1804 1645.97 1645.96
65.0833 1804 1645.97 1645.96
65.1667 1804 1645.97 1645.96
65.25 1804 1645.97 1645.96
65.3333 1804 1645.97 1645.96
65.4167 1804 1645.97 1645.96
65.5 1804 1645.97 1645.96
65.5833 1804 1645.97 1645.96
65.6667 1804 1645.97 1645.96
65.75 1804 1645.97 1645.96
65.8333 1804 1645.97 1645.96
65.9167 1804 1645.97 1645.96
66 1804 1645.97 1645.96
66.0833 1886 1724.35 1724.35
66.1667 1886 1724.35 1724.35
66.25 1886 1724.35 1724.35
66.3333 1886 1724.35 1724.35
66.4167 1886 1724.35 1724.35
66.5 1886 1724.35 1724.35
66.5833 1886 1724.35 1724.35
66.6667 1886 1724.35 1724.35
66.75 1886 1724.35 1724.35
66.8333 1886 1724.35 1724.35
66.9167 1886 1724.35 1724.35
67 1886 1724.35 1724.35
67.0833 1886 1724.35 1724.35
67.1667 1886 1724.35 1724.35
67.25 1886 1724.35 1724.35
67.3333 1886 1724.35 1724.35
67.4167 1886 1724.35 1724.35
67.5 1886 1724.35 1724.35
67.5833 1886 1724.35 1724.35
67.6667 1886 1724.35 1724.35
67.75 1886 1724.35 1724.35
67.8333 1886 1724.35 1724.35
67.9167 1886 1724.35 1724.35
68 1886 1724.35 1724.35
68.0833 1886 1724.35 1724.35
68.1667 1886 1724.35 1724.35
68.25 1886 1724.35 1724.35
68.3333 1886 1724.35 1724.35
68.4167 1886 1724.35 1724.35
68.5 1886 1724.35 1724.35
68.5833 1886 1724.35 1724.35
68.6667 1886 1724.35 1724.35
68.75 1886 1724.35 1724.35
68.8333 1886 1724.35 1724.35
68.9167 1886 1724.35 1724.35
69 1886 1724.35 1724.35
69.0833 1968 1802.73 1802.73
69.1667 1968 1802.73 1802.73
69.25 1968 1802.73 1802.73
69.3333 1968 1802.73 1802.73
69.4167 1968 1802.73 1802.73
69.5 1968 1802.73 1802.73
69.5833 1968 1802.73 1802.73
69.6667 1968 1802.73 1802.73
69.75 1968 1802.73 1802.73
69.8333 1968 1802.73 1802.73
69.9167 1968 1802.73 1802.73
70 1968 1802.73 1802.73
70.0833 1968 1802.73 1802.73
70.1667 1968 1802.73 1802.73
70.25 1968 1802.73 1802.73
70.3333 1968 1802.73 1802.73
70.4167 1968 1802.73 1802.73
70.5 1968 1802.73 1802.73
70.5833 1968 1802.73 1802.73
70.6667 1968 1802.73 1802.73
70.75 1968 1802.73 1802.73
70.8333 1968 1802.73 1802.73
70.9167 1968 1802.73 1802.73
71 1968 1802.73 1802.73
71.0833 1968 1802.73 1802.73
71.1667 1968 1802.73 1802.73
71.25 1968 1802.73 1802.73
71.3333 1968 1802.73 1802.73
71.4167 1968 1802.73 1802.73
71.5 1968 1802.73 1802.73
71.5833 1968 1802.73 1802.73
71.6667 1968 1802.73 1802.73
71.75 1968 1802.73 1802.73
71.8333 1968 1802.73 1802.73
71.9167 1968 1802.73 1802.73
72 1968 1802.73 1802.73
72.0833 2050 1881.11 1881.11
72.1667 2050 1881.11 1881.11
72.25 2050 1881.11 1881.11
72.3333 2050 1881.11 1881.11
72.4167 2050 1881.11 1881.11
72.5 2050 1881.11 1881.11
72.5833 2050 1881.11 1881.11
72.6667 2050 1881.11 1881.11
72.75 2050 1881.11 1881.11
72.8333 2050 1881.11 1881.11
72.9167 2050 1881.11 1881.11
73 2050 1881.11 1881.11
73.0833 2050 1881.11 1881.11
73.1667 2050 1881.11 1881.11
73.25 2050 1881.11 1881.11
73.3333 2050 1881.11 1881.11
73.4167 2050 1881.11 1881.11
73.5 2050 1881.11 1881.11
73.5833 2050 1881.11 1881.11
73.6667 2050 1881.11 1881.11
73.75 2050 1881.11 1881.11
73.8333 2050 1881.11 1881.11
73.9167 2050 1881.11 1881.11
74 2050 1881.11 1881.11
74.0833 2050 1881.11 1881.11
74.1667 2050 1881.11 1881.11
74.25 2050 1881.11 1881.11
74.3333 2050 1881.11 1881.11
74.4167 2050 1881.11 1881.11
74.5 2050 1881.11 1881.11
74.5833 2050 1881.11 1881.11
74.6667 2050 1881.11 1881.11
74.75 2050 1881.11 1881.11
74.8333 2050 1881.11 1881.11
74.9167 2050 1881.11 1881.11
75 2050 1881.11 1881.11
75.0833 2132 1959.5 1959.49
75.1667 2132 1959.5 1959.49
75.25 2132 1959.5 1959.49
75.3333 2132 1959.5 1959.49
75.4167 2132 1959.5 1959.49
75.5 2132 1959.5 1959.49
75.5833 2132 1959.5 1959.49
75.6667 2132 1959.5 1959.49
75.75 2132 1959.5 1959.49
75.8333 2132 1959.5 1959.49
75.9167 2132 1959.5 1959.49
76 2132 1959.5 1959.49
76.0833 2132 1959.5 1959.49
76.1667 2132 1959.5 1959.49
76.25 2132 1959.5 1959.49
76.3333 2132 1959.5 1959.49
76.4167 2132 1959.5 1959.49
76.5 2132 1959.5 1959.49
76.5833 2132 1959.5 1959.49
76.6667 2132 1959.5 1959.49
76.75 2132 1959.5 1959.49
76.8333 2132 1959.5 1959.49
76.9167 2132 1959.5 1959.49
77 2132 1959.5 1959.49
77.0833 2132 1959.5 1959.49
77.1667 2132 1959.5 1959.49
77.25 2132 1959.5 1959.49
77.3333 2132 1959.5 1959.49
77.4167 2132 1959.5 1959.49
77.5 2132 1959.5 1959.49
77.5833 2132 1959.5 1959.49
77.6667 2132 1959.5 1959.49
77.75 2132 1959.5 1959.49
77.8333 2132 1959.5 1959.49
77.9167 2132 1959.5 1959.49
78 2132 1959.5 1959.49
78.0833 2214 2037.88 2037.87
78.1667 2214 2037.88 2037.87
78.25 2214 2037.88 2037.87
78.3333 2214 2037.88 2037.87
78.4167 2214 2037.88 2037.87
78.5 2214 2037.88 2037.87
78.5833 2214 2037.88 2037.87
78.6667 2214 2037.88 2037.87
78.75 2214 2037.88 2037.87
78.8333 2214 2037.88 2037.87
78.9167 2214 2037.88 2037.87
79 2214 2037.88 2037.87
79.0833 2214 2037.88 2037.87
79.1667 2214 2037.88 2037.87
79.25 2214 2037.88 2037.87
79.3333 2214 2037.88 2037.87
79.4167 2214 2037.88 2037.87
79.5 2214 2037.88 2037.87
79.5833 2214 2037.88 2037.87
79.6667 2214 2037.88 2037.87
79.75 2214 2037.88 2037.87
79.8333 2214 2037.88 2037.87
79.9167 2214 2037.88 2037.87
80 2214 2037.88 2037.87
80.0833 2214 2037.88 2037.87
80.1667 2214 2037.88 2037.87
80.25 2214 2037.88 2037.87
80.3333 2214 2037.88 2037.87
80.4167 2214 2037.88 2037.87
80.5 2214 2037.88 2037.87
80.5833 2214 2037.88 2037.87
80.6667 2214 2037.88 2037.87
80.75 2214 2037.88 2037.87
80.8333 2214 2037.88 2037.87
80.9167 2214 2037.88 2037.87
81 2214 2037.88 2037.87
81.0833 2296 2116.26 2116.25
81.1667 2296 2116.26 2116.25
81.25 2296 2116.26 2116.25
81.3333 2296 2116.26 2116.25
81.4167 2296 2116.26 2116.25
81.5 2296 2116.26 2116.25
81.5833 2296 2116.26 2116.25
81.6667 2296 2116.26 2116.25
81.75 2296 2116.26 2116.25
81.8333 2296 2116.26 2116.25
81.9167 2296 2116.26 2116.25
82 2296 2116.26 2116.25
82.0833 2296 2116.26 2116.25
82.1667 2296 2116.26 2116.25
82.25 2296 2116.26 2116.25
82.3333 2296 2116.26 2116.25
82.4167 2296 2116.26 2116.25
82.5 2296 2116.26 2116.25
82.5833 2296 2116.26 2116.25
82.6667 2296 2116.26 2116.25
82.75 2296 2116.26 2116.25
82.8333 2296 2116.26 2116.25
82.9167 2296 2116.26 2116.25
83 2296 2116.26 2116.25
83.0833 2296 2116.26 2116.25
83.1667 2296 2116.26 2116.25
83.25 2296 2116.26 2116.25
83.3333 2296 2116.26 2116.25
83.4167 2296 2116.26 2116.25
83.5 2296 2116.26 2116.25
83.5833 2296 2116.26 2116.25
83.6667 2296 2116.26 2116.25
83.75 2296 2116.26 2116.25
83.8333 2296 2116.26 2116.25
83.9167 2296 2116.26 2116.25
84 2296 2116.26 2116.25
84.0833 2378 2194.64 2194.63
84.1667 2378 2194.64 2194.63
84.25 2378 2194.64 2194.63
84.3333 2378 2194.64 2194.63
84.4167 2378 2194.64 2194.63
84.5 2378 2194.64 2194.63
84.5833 2378 2194.64 2194.63
84.6667 2378 2194.64 2194.63
84.75 2378 2194.64 2194.63
84.8333 2378 2194.64 2194.63
84.9167 2378 2194.64 2194.63
85 2378 2194.64 2194.63
85.0833 2378 2194.64 2194.63
85.1667 2378 2194.64 2194.63
85.25 2378 2194.64 2194.63
85.3333 2378 2194.64 2194.63
85.4167 2378 2194.64 2194.63
85.5 2378 2194.64 2194.63
85.5833 2378 2194.64 2194.63
85.6667 2378 2194.64 2194.63
85.75 2378 2194.64 2194.63
85.8333 2378 2194.64 2194.63
85.9167 2378 2194.64 2194.63
86 2378 2194.64 2194.63
86.0833 2378 2194.64 2194.63
86.1667 2378 2194.64 2194.63
86.25 2378 2194.64 2194.63
86.3333 2378 2194.64 2194.63
86.4167 2378 2194.64 2194.63
86.5 2378 2194.64 2194.63
86.5833 2378 2194.64 2194.63
86.6667 2378 2194.64 2194.63
86.75 2378 2194.64 2194.63
86.8333 2378 2194.64 2194.63
86.9167 2378 2194.64 2194.63
87 2378 2194.64 2194.63
87.0833 2460 2273.02 2273.01
87.1667 2460 2273.02 2273.01
87.25 2460 2273.02 2273.01
87.3333 2460 2273.02 2273.01
87.4167 2460 2273.02 2273.01
87.5 2460 2273.02 2273.01
87.5833 2460 2273.02 2273.01
87.6667 2460 2273.02 2273.01
87.75 2460 2273.02 2273.01
87.8333 2460 2273.02 2273.01
87.9167 2460 2273.02 2273.01
88 2460 2273.02 2273.01
88.0833 2460 2273.02 2273.01
88.1667 2460 2273.02 2273.01
88.25 2460 2273.02 2273.01
88.3333 2460 2273.02 2273.01
88.4167 2460 2273.02 2273.01
88.5 2460 2273.02 2273.01
88.5833 2460 2273.02 2273.01
88.6667 2460 2273.02 2273.01
88.75 2460 2273.02 2273.01
88.8333 2460 2273.02 2273.01
88.9167 2460 2273.02 2273.01
89 2460 2273.02 2273.01
89.0833 2460 2273.02 2273.01
89.1667 2460 2273.02 2273.01
89.25 2460 2273.02 2273.01
89.3333 2460 2273.02 2273.01
89.4167 2460 2273.02 2273.01
89.5 2460 2273.02 2273.01
89.5833 2460 2273.02 2273.01
89.6667 2460 2273.02 2273.01
89.75 2460 2273.02 2273.01
89.8333 2460 2273.02 2273.01
89.9167 2460 2273.02 2273.01
90 2460 2273.02 2273.01
90.0833 2542 2351.41 2351.4
90.1667 2542 2351.41 2351.4
90.25 2542 2351.41 2351.4
90.3333 2542 2351.41 2351.4
90.4167 2542 2351.41 2351.4
90.5 2542 2351.41 2351.4
90.5833 2542 2351.41 2351.4
90.6667 2542 2351.41 2351.4
90.75 2542 2351.41 2351.4
90.8333 2542 2351.41 2351.4
90.9167 2542 2351.41 2351.39
91 2542 2351.41 2351.39
91.0833 2542 2351.41 2351.39
91.1667 2542 2351.41 2351.39
91.25 2542 2351.41 2351.39
91.3333 2542 2351.41 2351.39
91.4167 2542 2351.41 2351.39
91.5 2542 2351.41 2351.39
91.5833 2542 2351.41 2351.39
91.6667 2542 2351.41 2351.39
91.75 2542 2351.41 2351.39
91.8333 2542 2351.41 2351.39
91.9167 2542 2351.41 2351.39
92 2542 2351.41 2351.39
92.0833 2542 2351.41 2351.39
92.1667 2542 2351.41 2351.39
92.25 2542 2351.41 2351.39
92.3333 2542 2351.41 2351.39
92.4167 2542 2351.41 2351.39
92.5 2542 2351.41 2351.39
92.5833 2542 2351.41 2351.39
92.6667 2542 2351.41 2351.39
92.75 2542 2351.41 2351.39
92.8333 2542 2351.41 2351.39
92.9167 2542 2351.41 2351.39
93 2542 2351.41 2351.39
93.0833 2624 2429.79 2429.78
93.1667 2624 2429.79 2429.78
93.25 2624 2429.79 2429.78
93.3333 2624 2429.79 2429.78
93.4167 2624 2429.79 2429.78
93.5 2624 2429.79 2429.78
93.5833 2624 2429.79 2429.78
93.6667 2624 2429.79 2429.78
93.75 2624 2429.79 2429.78
93.8333 2624 2429.79 2429.78
93.9167 2624 2429.79 2429.78
94 2624 2429.79 2429.78
94.0833 2624 2429.79 2429.78
94.1667 2624 2429.79 2429.78
94.25 2624 2429.79 2429.78
94.3333 2624 2429.79 2429.78
94.4167 2624 2429.79 2429.78
94.5 2624 2429.79 2429.78
94.5833 2624 2429.79 2429.78
94.6667 2624 2429.79 2429.78
94.75 2624 2429.79 2429.78
94.8333 2624 2429.79 2429.78
94.9167 2624 2429.79 2429.78
95 2624 2429.79 2429.78
95.0833 2624 2429.79 2429.78
95.1667 2624 2429.79 2429.78
95.25 2624 2429.79 2429.78
95.3333 2624 2429.79 2429.78
95.4167 2624 2429.79 2429.78
95.5 2624 2429.79 2429.78
95.5833 2624 2429.79 2429.78
95.6667 2624 2429.79 2429.78
95.75 2624 2429.79 2429.78
95.8333 2624 2429.79 2429.78
95.9167 2624 2429.79 2429.78
96 2624 2429.79 2429.78
96.0833 2706 2508.17 2508.16
96.1667 2706 2508.17 2508.16
96.25 2706 2508.17 2508.16
96.3333 2706 2508.17 2508.16
96.4167 2706 2508.17 2508.16
96.5 2706 2508.17 2508.16
96.5833 2706 2508.17 2508.16
96.6667 2706 2508.17 2508.16
96.75 2706 2508.17 2508.16
96.8333 2706 2508.17 2508.16
96.9167 2706 2508.17 2508.16
97 2706 2508.17 2508.16
97.0833 2706 2508.17 2508.16
97.1667 2706 2508.17 2508.16
97.25 2706 2508.17 2508.16
97.3333 2706 2508.17 2508.16
97.4167 2706 2508.17 2508.16
97.5 2706 2508.17 2508.16
97.5833 2706 2508.17 2508.16
97.6667 2706 2508.17 2508.16
97.75 2706 2508.17 2508.16
97.8333 2706 2508.17 2508.16
97.9167 2706 2508.17 2508.16
98 2706 2508.17 2508.16
98.0833 2706 2508.17 2508.16
98.1667 2706 2508.17 2508.16
98.25 2706 2508.17 2508.16
98.3333 2706 2508.17 2508.16
98.4167 2706 2508.17 2508.16
98.5 2706 2508.17 2508.16
98.5833 2706 2508.17 2508.16
98.6667 2706 2508.17 2508.16
98.75 2706 2508.17 2508.16
98.8333 2706 2508.17 2508.16
98.9167 2706 2508.17 2508.16
99 2706 2508.17 2508.16
99.0833 2788 2586.55 2586.54
99.1667 2788 2586.55 2586.54
99.25 2788 2586.55 2586.54
99.3333 2788 2586.55 2586.54
99.4167 2788 2586.55 2586.54
99.5 2788 2586.55 2586.54
99.5833 2788 2586.55 2586.54
99.6667 2788 2586.55 2586.54
99.75 2788 2586.55 2586.54
99.8333 2788 2586.55 2586.54
99.9167 2788 2586.55 2586.54
100 2788 2586.55 2586.54
100.083 2788 2586.55 2586.54
100.167 2788 2586.55 2586.54
100.25 2788 2586.55 2586.54
100.333 2788 2586.55 2586.54
100.417 2788 2586.55 2586.54
100.5 2788 2586.55 2586.54
100.583 2788 2586.55 2586.54
100.667 2788 2586.55 2586.54
100.75 2788 2586.55 2586.54
100.833 2788 2586.55 2586.54
100.917 2788 2586.55 2586.54
101 2788 2586.55 2586.54
101.083 2788 2586.55 2586.54
101.167 2788 2586.55 2586.54
101.25 2788 2586.55 2586.54
101.333 2788 2586.55 2586.54
101.417 2788 2586.55 2586.54
101.5 2788 2586.55 2586.54
101.583 2788 2586.55 2586.54
101.667 2788 2586.55 2586.54
101.75 2788 2586.55 2586.54
101.833 2788 2586.55 2586.54
101.917 2788 2586.55 2586.54
102 2788 2586.55 2586.54
102.083 2870 2664.94 2664.92
102.167 2870 2664.94 2664.92
102.25 2870 2664.94 2664.92
102.333 2870 2664.94 2664.92
102.417 2870 2664.94 2664.92
102.5 2870 2664.94 2664.92
102.583 2870 2664.94 2664.92
102.667 2870 2664.94 2664.92
102.75 2870 2664.94 2664.92
102.833 2870 2664.94 2664.92
102.917 2870 2664.94 2664.92
103 2870 2664.94 2664.92
103.083 2870 2664.94 2664.92
103.167 2870 2664.94 2664.92
103.25 2870 2664.94 2664.92
103.333 2870 2664.94 2664.92
103.417 2870 2664.94 2664.92
103.5 2870 2664.94 2664.92
103.583 2870 2664.94 2664.92
103.667 2870 2664.94 2664.92
103.75 2870 2664.94 2664.92
103.833 2870 2664.94 2664.92
103.917 2870 2664.94 2664.92
104 2870 2664.94 2664.92
104.083 2870 2664.94 2664.92
104.167 2870 2664.94 2664.92
104.25 2870 2664.94 2664.92
104.333 2870 2664.94 2664.92
104.417 2870 2664.94 2664.92
104.5 2870 2664.94 2664.92
104.583 2870 2664.94 2664.92
104.667 2870 2664.94 2664.92
104.75 2870 2664.94 2664.92
104.833 2870 2664.94 2664.92
104.917 2870 2664.94 2664.92
105 2870 2664.94 2664.92
105.083 2952 2743.32 2743.31
105.167 2952 2743.32 2743.31
105.25 2952 2743.32 2743.31
105.333 2952 2743.32 2743.31
105.417 2952 2743.32 2743.31
105.5 2952 2743.32 2743.31
105.583 2952 2743.32 2743.31
105.667 2952 2743.32 2743.31
105.75 2952 2743.32 2743.31
105.833 2952 2743.32 2743.31
105.917 2952 2743.32 2743.31
106 2952 2743.32 2743.31
106.083 2952 2743.32 2743.31
106.167 2952 2743.32 2743.31
106.25 2952 2743.32 2743.31
106.333 2952 2743.32 2743.3
106.417 2952 2743.32 2743.3
106.5 2952 2743.32 2743.3
106.583 2952 2743.32 2743.3
106.667 2952 2743.32 2743.3
106.75 2952 2743.32 2743.3
106.833 2952 2743.32 2743.3
106.917 2952 2743.32 2743.3
107 2952 2743.32 2743.3
107.083 2952 2743.32 2743.3
107.167 2952 2743.32 2743.3
107.25 2952 2743.32 2743.3
107.333 2952 2743.32 2743.3
107.417 2952 2743.32 2743.3
107.5 2952 2743.32 2743.3
107.583 2952 2743.32 2743.3
107.667 2952 2743.32 2743.3
107.75 2952 2743.32 2743.3
107.833 2952 2743.32 2743.3
107.917 2952 2743.32 2743.3
108 2952 2743.32 2743.3
108.083 3034 2821.7 2821.69
108.167 3034 2821.7 2821.69
108.25 3034 2821.7 2821.69
108.333 3034 2821.7 2821.69
108.417 3034 2821.7 2821.69
108.5 3034 2821.7 2821.69
108.583 3034 2821.7 2821.69
108.667 3034 2821.7 2821.69
108.75 3034 2821.7 2821.69
108.833 3034 2821.7 2821.69
108.917 3034 2821.7 2821.69
109 3034 2821.7 2821.69
109.083 3034 2821.7 2821.69
109.167 3034 2821.7 2821.69
109.25 3034 2821.7 2821.69
109.333 3034 2821.7 2821.69
109.417 3034 2821.7 2821.69
109.5 3034 2821.7 2821.69
109.583 3034 2821.7 2821.69
109.667 3034 2821.7 2821.69
109.75 3034 2821.7 2821.69
109.833 3034 2821.7 2821.69
109.917 3034 2821.7 2821.69
110 3034 2821.7 2821.69
110.083 3034 2821.7 2821.69
110.167 3034 2821.7 2821.69
110.25 3034 2821.7 2821.69
110.333 3034 2821.7 2821.69
110.417 3034 2821.7 2821.69
110.5 3034 2821.7 2821.69
110.583 3034 2821.7 2821.69
110.667 3034 2821.7 2821.69
110.75 3034 2821.7 2821.69
110.833 3034 2821.7 2821.69
110.917 3034 2821.7 2821.69
111 3034 2821.7 2821.69
111.083 3116 2900.09 2900.07
111.167 3116 2900.09 2900.07
111.25 3116 2900.09 2900.07
111.333 3116 2900.09 2900.07
111.417 3116 2900.09 2900.07
111.5 3116 2900.09 2900.07
111.583 3116 2900.09 2900.07
111.667 3116 2900.09 2900.07
111.75 3116 2900.09 2900.07
111.833 3116 2900.09 2900.07
111.917 3116 2900.09 2900.07
112 3116 2900.09 2900.07
112.083 3116 2900.09 2900.07
112.167 3116 2900.09 2900.07
112.25 3116 2900.09 2900.07
112.333 3116 2900.09 2900.07
112.417 3116 2900.09 2900.07
112.5 3116 2900.09 2900.07
112.583 3116 2900.09 2900.07
112.667 3116 2900.09 2900.07
112.75 3116 2900.09 2900.07
112.833 3116 2900.09 2900.07
112.917 3116 2900.09 2900.07
113 3116 2900.09 2900.07
113.083 3116 2900.09 2900.07
113.167 3116 2900.09 2900.07
113.25 3116 2900.09 2900.07
113.333 3116 2900.09 2900.07
113.417 3116 2900.09 2900.07
113.5 3116 2900.09 2900.07
113.583 3116 2900.09 2900.07
113.667 3116 2900.09 2900.07
113.75 3116 2900.09 2900.07
113.833 3116 2900.09 2900.07
113.917 3116 2900.09 2900.07
114 3116 2900.09 2900.07
114.083 3198 2978.47 2978.45
114.167 3198 2978.47 2978.45
114.25 3198 2978.47 2978.45
114.333 3198 2978.47 2978.45
114.417 3198 2978.47 2978.45
114.5 3198 2978.47 2978.45
114.583 3198 2978.47 2978.45
114.667 3198 2978.47 2978.45
114.75 3198 2978.47 2978.45
114.833 3198 2978.47 2978.45
114.917 3198 2978.47 2978.45
115 3198 2978.47 2978.45
115.083 3198 2978.47 2978.45
115.167 3198 2978.47 2978.45
115.25 3198 2978.47 2978.45
115.333 3198 2978.47 2978.45
115.417 3198 2978.47 2978.45
115.5 3198 2978.47 2978.45
115.583 3198 2978.47 2978.45
115.667 3198 2978.47 2978.45
115.75 3198 2978.47 2978.45
115.833 3198 2978.47 2978.45
115.917 3198 2978.47 2978.45
116 3198 2978.47 2978.45
116.083 3198 2978.47 2978.45
116.167 3198 2978.47 2978.45
116.25 3198 2978.47 2978.45
116.333 3198 2978.47 2978.45
116.417 3198 2978.47 2978.45
116.5 3198 2978.47 2978.45
116.583 3198 2978.47 2978.45
116.667 3198 2978.47 2978.45
116.75 3198 2978.47 2978.45
116.833 3198 2978.47 2978.45
116.917 3198 2978.47 2978.45
117 3198 2978.47 2978.45
117.083 3280 3056.85 3056.84
117.167 3280 3056.85 3056.84
117.25 3280 3056.85 3056.84
117.333 3280 3056.85 3056.84
117.417 3280 3056.85 3056.84
117.5 3280 3056.85 3056.84
117.583 3280 3056.85 3056.84
117.667 3280 3056.85 3056.84
117.75 3280 3056.85 3056.84
117.833 3280 3056.85 3056.84
117.917 3280 3056.85 3056.84
118 3280 3056.85 3056.84
118.083 3280 3056.85 3056.84
118.167 3280 3056.85 3056.84
118.25 3280 3056.85 3056.84
118.333 3280 3056.85 3056.84
118.417 3280 3056.85 3056.84
118.5 3280 3056.85 3056.84
118.583 3280 3056.85 3056.84
118.667 3280 3056.85 3056.84
118.75 3280 3056.85 3056.84
118.833 3280 3056.85 3056.84
118.917 3280 3056.85 3056.84
119 3280 3056.85 3056.84
119.083 3280 3056.85 3056.84
119.167 3280 3056.85 3056.84
119.25 3280 3056.85 3056.84
119.333 3280 3056.85 3056.84
119.417 3280 3056.85 3056.84
119.5 3280 3056.85 3056.84
119.583 3280 3056.85 3056.83
119.667 3280 3056.85 3056.83
119.75 3280 3056.85 3056.83
119.833 3280 3056.85 3056.83
119.917 3280 3056.85 3056.83
120 3280 3135.24 3135.22
